90598031267238530175
03578764031869524139
28108849325259851266
64124211778350951024
17961945133069684349
04561757319020933624
38269457916023074767
05820226642195612261
77523008921216360599
96733549889408341812
50277643603718170155
71687463051885456284
03390283785735225647
18405870452970880607
63104958877256894709
00593599036664339882
98532955290906650756
53219054751236630477
50029476604757817760
10976305490400382577
68853762633572917857
13909189681884291608
13296710359307451560
62184207302810553422
88899006450763216555
75646977258210047628
15483963852940286674
91536035356149629534
24489830768629179799
80129117293831124409
26190933705595492923
73045080602599667305
32365162142359326803
59150202567228499711
05288945484135447059
20884789652648459637
56653493186467415329
63461746167271094017
54879593225010980595
34394548168897272221
81598364474061717998
12591079553735827556
15257955855464336391
77487514020597580535
77188658439230602201
83300491615360524610
11761845236741201985
45483219676027846350
75273786563529127059
94044821046467742724
26808454567416772179
73939545600414794141
19252199023312276852
52861490740193351324
71419089822519606131
08083863687957119504
43288240027137797046
28639486250421763792
17475273736858825640
20852757362103625304
86284857138922009055
44107900211675378597
37398650756959074161
82509550450917669660
92052721208454625513
23269895609875188425
50868010901736680909
40470840423882850045
43310057358802378527
62156783209835988232
38876873607548814681
65702809635271336507
21794292490421147703
79027312093616147633
91849258719909314841
27342124944714064626
52483921519758441525
38051589879547463191
38876798213921223890
65314878524497658638
66796821968772938539
32176684742945813559
65223229328532214459
74861241291405836073
00332714794806377118
58594345510529286736
81797483427902907903
93706866118999850446
53024128341256817974
69034215146890969886
71350374303189412861
78218523592718178597
13851849327652438275
13973679633609838970
07794713996785274137
28063642065565102553
58859579224817665095
07244285467837263956
24186973843885348523
99702742153832835907
